[IIT-BHU-1.jpg]
filters=ansel=1,ffffffff;FocalZoom=1,0.849155,0.178782,50.000000,50.000000,50.000000,43.274853;
moddate=68d161dacfead201
width=1545
height=1024
textactive=0
